该系统进化树中的所有基因名、本身支长及其到根部的支长为: 
XXXXXX/11-11 :0.2519 - 0.2519
D7UDZ7_VITVI/24-202 :0.1534 - 0.3185
F6I7C7_VITVI/9-189 :0.1483 - 0.3134
B9N1N5_POPTR/14-194 :0.2108 - 0.3241
B9S6Z7_RICCO/19-198 :0.1928 - 0.3361
B9SBW2_RICCO/15-195 :0.1849 - 0.3282
I1MD01_SOYBN/13-191 :0.2502 - 0.3356
B9S9D9_RICCO/12-191 :0.2648 - 0.3443
D7MRD9_ARALL/8-185 :0.2065 - 0.3313
M4E4G7_BRARP/12-187 :0.1882 - 0.3380
Q9ZVX6_ARATH/11-188 :0.2092 - 0.3706
F4IFF6_ARATH/55-233 :0.1141 - 0.3539
F4J361_ARATH/93-270 :0.1219 - 0.3617
D7KR54_ARALL/8-188 :0.1369 - 0.3265
Q9SSN5_ARATH/8-185 :0.1496 - 0.3391
I1KE95_SOYBN/20-200 :0.3106 - 0.3419
Q9XGM3_ARATH/16-186 :0.3319 - 0.3319
TLR4_HUMAN/676-839 :0.3628 - 0.5382
TLR5_HUMAN/695-858 :0.3697 - 0.5450
ILRL1_MOUSE/384-567 :0.3046 - 0.5109
ILRL2_HUMAN/385-575 :0.3451 - 0.5514
I18RA_HUMAN/410-598 :0.1561 - 0.5495
I18RA_MOUSE/409-597 :0.1508 - 0.5442
IL18R_HUMAN/377-541 :0.3111 - 0.5264
IL1AP_HUMAN/407-570 :0.2965 - 0.5118
该系统进化树的最长分支长度为: 0.5514

-------------------------
D7UDZ7_VITVI/24-202:0.15339773,F6I7C7_VITVI/9-189:0.14827824
B9S6Z7_RICCO/19-198:0.19283553,B9SBW2_RICCO/15-195:0.18494225
F4IFF6_ARATH/55-233:0.11409485,F4J361_ARATH/93-270:0.12186020
D7KR54_ARALL/8-188:0.13692309,Q9SSN5_ARATH/8-185:0.14959377
TLR4_HUMAN/676-839:0.36282489,TLR5_HUMAN/695-858:0.36965919
ILRL1_MOUSE/384-567:0.30461493,ILRL2_HUMAN/385-575:0.34510259
I18RA_HUMAN/410-598:0.15608137,I18RA_MOUSE/409-597:0.15079693
IL18R_HUMAN/377-541:0.31108417,IL1AP_HUMAN/407-570:0.29651077
#1merge:0.05184002,B9N1N5_POPTR/14-194:0.21083635
Q9ZVX6_ARATH/11-188:0.20920170,#3merge:0.07845779
#7merge:0.18844095,#8merge:0.01032692
#9merge:0.00350578,#2merge:0.03350069
M4E4G7_BRARP/12-187:0.18819812,#10merge:0.01156564
#6merge:0.02868404,#11merge:0.02743939
#12merge:0.02434461,I1MD01_SOYBN/13-191:0.25017199
D7MRD9_ARALL/8-185:0.20651164,#13merge:0.02500839
#5merge:0.04403120,#14merge:0.04621304
#15merge:0.00591845,B9S9D9_RICCO/12-191:0.26480113
#18merge:0.02450459,#16merge:0.06982213
#19merge:0.01030586,#4merge:0.14487436
#20merge:0.01337805,I1KE95_SOYBN/20-200:0.31062201
XXXXXX/11-11:0.25188662,#21merge:0.03128613,Q9XGM3_ARATH/16-186:0.33188662,#17merge:0.13135728
